0.00721504 0.00724346 0.00730018 0.00738499 0.00749754 0.0076374 0.00780401 0.00799671 0.00821475 0.00845726 0.00872329 0.00901178 0.0093216 0.00965152 0.0100002 0.0103664 0.0107485 0.0111451 0.0115547 0.0119755 0.0124059 0.0128443 0.0132888 0.0137379 0.0141896 0.0146421 0.0150938 0.0155429 0.0159874 0.0164258 0.0168562 0.0172771 0.0176866 0.0180832 0.0184653 0.0188315 0.0191802 0.0195101 0.0198199 0.0201084 0.0203744 0.020617 0.020835 0.0210277 0.0211943 0.0213342 0.0214467 0.0215315 0.0215883 0.0216167 0.0216167 0.0215883 0.0215315 0.0214467 0.0213342 0.0211943 0.0210277 0.020835 0.020617 0.0203744 0.0201084 0.0198199 0.0195101 0.0191802 0.0188315 0.0184653 0.0180832 0.0176866 0.0172771 0.0168562 0.0164258 0.0159874 0.0155429 0.0150938 0.0146421 0.0141896 0.0137379 0.0132888 0.0128443 0.0124059 0.0119755 0.0115547 0.0111451 0.0107485 0.0103664 0.0100002 0.00965152 0.0093216 0.00901178 0.00872329 0.00845726 0.00821475 0.00799671 0.00780401 0.0076374 0.00749754 0.00738499 0.00730018 0.00724346 0.00721504 
0.00724346 0.00727176 0.00732826 0.00741274 0.00752485 0.00766415 0.0078301 0.00802205 0.00823922 0.00848078 0.00874575 0.0090331 0.0093417 0.00967032 0.0100177 0.0103824 0.010763 0.011158 0.0115659 0.0119851 0.0124138 0.0128505 0.0132933 0.0137405 0.0141905 0.0146413 0.0150912 0.0155384 0.0159812 0.0164179 0.0168466 0.0172658 0.0176737 0.0180687 0.0184493 0.018814 0.0191614 0.01949 0.0197986 0.020086 0.0203509 0.0205925 0.0208097 0.0210016 0.0211676 0.0213069 0.021419 0.0215034 0.0215599 0.0215883 0.0215883 0.0215599 0.0215034 0.021419 0.0213069 0.0211676 0.0210016 0.0208097 0.0205925 0.0203509 0.020086 0.0197986 0.01949 0.0191614 0.018814 0.0184493 0.0180687 0.0176737 0.0172658 0.0168466 0.0164179 0.0159812 0.0155384 0.0150912 0.0146413 0.0141905 0.0137405 0.0132933 0.0128505 0.0124138 0.0119851 0.0115659 0.011158 0.010763 0.0103824 0.0100177 0.00967032 0.0093417 0.0090331 0.00874575 0.00848078 0.00823922 0.00802205 0.0078301 0.00766415 0.00752485 0.00741274 0.00732826 0.00727176 0.00724346 
0.00730018 0.00732826 0.00738432 0.00746812 0.00757935 0.00771755 0.00788219 0.00807261 0.00828807 0.00852771 0.00879059 0.00907567 0.00938183 0.00970785 0.0100525 0.0104143 0.0107919 0.0111838 0.0115885 0.0120043 0.0124297 0.0128629 0.0133022 0.0137459 0.0141922 0.0146395 0.0150858 0.0155295 0.0159689 0.016402 0.0168274 0.0172432 0.0176479 0.0180398 0.0184174 0.0187793 0.0191239 0.0194499 0.019756 0.0200411 0.020304 0.0205436 0.0207591 0.0209495 0.0211142 0.0212524 0.0213636 0.0214474 0.0215034 0.0215315 0.0215315 0.0215034 0.0214474 0.0213636 0.0212524 0.0211142 0.0209495 0.0207591 0.0205436 0.020304 0.0200411 0.019756 0.0194499 0.0191239 0.0187793 0.0184174 0.0180398 0.0176479 0.0172432 0.0168274 0.016402 0.0159689 0.0155295 0.0150858 0.0146395 0.0141922 0.0137459 0.0133022 0.0128629 0.0124297 0.0120043 0.0115885 0.0111838 0.0107919 0.0104143 0.0100525 0.00970785 0.00938183 0.00907567 0.00879059 0.00852771 0.00828807 0.00807261 0.00788219 0.00771755 0.00757935 0.00746812 0.00738432 0.00732826 0.00730018 
0.00738499 0.00741274 0.00746812 0.00755093 0.00766083 0.00779738 0.00796006 0.00814821 0.00836111 0.00859789 0.00885764 0.00913932 0.00944183 0.00976396 0.0101045 0.010462 0.0108351 0.0112223 0.0116222 0.0120331 0.0124533 0.0128814 0.0133154 0.0137539 0.0141949 0.0146368 0.0150778 0.0155163 0.0159503 0.0163784 0.0167987 0.0172095 0.0176094 0.0179966 0.0183697 0.0187272 0.0190677 0.0193899 0.0196924 0.0199741 0.0202338 0.0204706 0.0206835 0.0208717 0.0210343 0.0211709 0.0212808 0.0213636 0.021419 0.0214467 0.0214467 0.021419 0.0213636 0.0212808 0.0211709 0.0210343 0.0208717 0.0206835 0.0204706 0.0202338 0.0199741 0.0196924 0.0193899 0.0190677 0.0187272 0.0183697 0.0179966 0.0176094 0.0172095 0.0167987 0.0163784 0.0159503 0.0155163 0.0150778 0.0146368 0.0141949 0.0137539 0.0133154 0.0128814 0.0124533 0.0120331 0.0116222 0.0112223 0.0108351 0.010462 0.0101045 0.00976396 0.00944183 0.00913932 0.00885764 0.00859789 0.00836111 0.00814821 0.00796006 0.00779738 0.00766083 0.00755093 0.00746812 0.00741274 0.00738499 
0.00749754 0.00752485 0.00757935 0.00766083 0.00776896 0.00790333 0.00806341 0.00824855 0.00845803 0.00869103 0.00894662 0.00922379 0.00952145 0.00983843 0.0101735 0.0105253 0.0108924 0.0112735 0.0116669 0.0120712 0.0124848 0.0129059 0.0133331 0.0137645 0.0141984 0.0146333 0.0150672 0.0154987 0.0159258 0.016347 0.0167605 0.0171648 0.0175583 0.0179393 0.0183064 0.0186582 0.0189933 0.0193103 0.0196079 0.0198851 0.0201407 0.0203737 0.0205832 0.0207683 0.0209284 0.0210627 0.0211709 0.0212524 0.0213069 0.0213342 0.0213342 0.0213069 0.0212524 0.0211709 0.0210627 0.0209284 0.0207683 0.0205832 0.0203737 0.0201407 0.0198851 0.0196079 0.0193103 0.0189933 0.0186582 0.0183064 0.0179393 0.0175583 0.0171648 0.0167605 0.016347 0.0159258 0.0154987 0.0150672 0.0146333 0.0141984 0.0137645 0.0133331 0.0129059 0.0124848 0.0120712 0.0116669 0.0112735 0.0108924 0.0105253 0.0101735 0.00983843 0.00952145 0.00922379 0.00894662 0.00869103 0.00845803 0.00824855 0.00806341 0.00790333 0.00776896 0.00766083 0.00757935 0.00752485 0.00749754 
0.0076374 0.00766415 0.00771755 0.00779738 0.00790333 0.00803499 0.00819183 0.00837323 0.00857847 0.00880676 0.00905718 0.00932875 0.0096204 0.00993097 0.0102592 0.0106039 0.0109636 0.011337 0.0117225 0.0121186 0.0125238 0.0129365 0.0133549 0.0137776 0.0142028 0.0146289 0.0150541 0.0154768 0.0158953 0.0163079 0.0167131 0.0171092 0.0174947 0.0178681 0.0182278 0.0185725 0.0189007 0.0192113 0.019503 0.0197745 0.0200249 0.0202532 0.0204585 0.0206399 0.0207967 0.0209284 0.0210343 0.0211142 0.0211676 0.0211943 0.0211943 0.0211676 0.0211142 0.0210343 0.0209284 0.0207967 0.0206399 0.0204585 0.0202532 0.0200249 0.0197745 0.019503 0.0192113 0.0189007 0.0185725 0.0182278 0.0178681 0.0174947 0.0171092 0.0167131 0.0163079 0.0158953 0.0154768 0.0150541 0.0146289 0.0142028 0.0137776 0.0133549 0.0129365 0.0125238 0.0121186 0.0117225 0.011337 0.0109636 0.0106039 0.0102592 0.00993097 0.0096204 0.00932875 0.00905718 0.00880676 0.00857847 0.00837323 0.00819183 0.00803499 0.00790333 0.00779738 0.00771755 0.00766415 0.0076374 
0.00780401 0.0078301 0.00788219 0.00796006 0.00806341 0.00819183 0.00834481 0.00852175 0.00872195 0.00894463 0.00918889 0.00945379 0.00973827 0.0100412 0.0103614 0.0106976 0.0110485 0.0114127 0.0117887 0.0121751 0.0125703 0.0129728 0.013381 0.0137933 0.0142081 0.0146236 0.0150384 0.0154507 0.0158589 0.0162614 0.0166566 0.017043 0.0174191 0.0177832 0.0181341 0.0184703 0.0187905 0.0190934 0.0193779 0.0196428 0.0198871 0.0201098 0.02031 0.0204869 0.0206399 0.0207683 0.0208717 0.0209495 0.0210016 0.0210277 0.0210277 0.0210016 0.0209495 0.0208717 0.0207683 0.0206399 0.0204869 0.02031 0.0201098 0.0198871 0.0196428 0.0193779 0.0190934 0.0187905 0.0184703 0.0181341 0.0177832 0.0174191 0.017043 0.0166566 0.0162614 0.0158589 0.0154507 0.0150384 0.0146236 0.0142081 0.0137933 0.013381 0.0129728 0.0125703 0.0121751 0.0117887 0.0114127 0.0110485 0.0106976 0.0103614 0.0100412 0.00973827 0.00945379 0.00918889 0.00894463 0.00872195 0.00852175 0.00834481 0.00819183 0.00806341 0.00796006 0.00788219 0.0078301 0.00780401 
0.00799671 0.00802205 0.00807261 0.00814821 0.00824855 0.00837323 0.00852175 0.00869353 0.0088879 0.00910409 0.00934123 0.00959841 0.0098746 0.0101687 0.0104796 0.010806 0.0111466 0.0115002 0.0118652 0.0122404 0.0126241 0.0130149 0.0134112 0.0138115 0.0142141 0.0146176 0.0150202 0.0154205 0.0158168 0.0162076 0.0165913 0.0169665 0.0173315 0.0176851 0.0180257 0.0183521 0.018663 0.0189571 0.0192333 0.0194905 0.0197276 0.0199438 0.0201382 0.02031 0.0204585 0.0205832 0.0206835 0.0207591 0.0208097 0.020835 0.020835 0.0208097 0.0207591 0.0206835 0.0205832 0.0204585 0.02031 0.0201382 0.0199438 0.0197276 0.0194905 0.0192333 0.0189571 0.018663 0.0183521 0.0180257 0.0176851 0.0173315 0.0169665 0.0165913 0.0162076 0.0158168 0.0154205 0.0150202 0.0146176 0.0142141 0.0138115 0.0134112 0.0130149 0.0126241 0.0122404 0.0118652 0.0115002 0.0111466 0.010806 0.0104796 0.0101687 0.0098746 0.00959841 0.00934123 0.00910409 0.0088879 0.00869353 0.00852175 0.00837323 0.00824855 0.00814821 0.00807261 0.00802205 0.00799671 
0.00821475 0.00823922 0.00828807 0.00836111 0.00845803 0.00857847 0.00872195 0.0088879 0.00907567 0.00928451 0.0095136 0.00976204 0.0100288 0.010313 0.0106133 0.0109286 0.0112577 0.0115992 0.0119519 0.0123143 0.0126849 0.0130625 0.0134453 0.013832 0.014221 0.0146107 0.0149997 0.0153864 0.0157693 0.0161468 0.0165174 0.0168798 0.0172325 0.017574 0.0179031 0.0182184 0.0185187 0.0188029 0.0190697 0.0193181 0.0195472 0.019756 0.0199438 0.0201098 0.0202532 0.0203737 0.0204706 0.0205436 0.0205925 0.020617 0.020617 0.0205925 0.0205436 0.0204706 0.0203737 0.0202532 0.0201098 0.0199438 0.019756 0.0195472 0.0193181 0.0190697 0.0188029 0.0185187 0.0182184 0.0179031 0.017574 0.0172325 0.0168798 0.0165174 0.0161468 0.0157693 0.0153864 0.0149997 0.0146107 0.014221 0.013832 0.0134453 0.0130625 0.0126849 0.0123143 0.0119519 0.0115992 0.0112577 0.0109286 0.0106133 0.010313 0.0100288 0.00976204 0.0095136 0.00928451 0.00907567 0.0088879 0.00872195 0.00857847 0.00845803 0.00836111 0.00828807 0.00823922 0.00821475 
0.00845726 0.00848078 0.00852771 0.00859789 0.00869103 0.00880676 0.00894463 0.00910409 0.00928451 0.00948518 0.00970532 0.00994404 0.0102004 0.0104734 0.010762 0.011065 0.0113812 0.0117094 0.0120482 0.0123965 0.0127526 0.0131154 0.0134833 0.0138548 0.0142286 0.0146031 0.0149769 0.0153484 0.0157163 0.0160791 0.0164353 0.0167835 0.0171223 0.0174505 0.0177667 0.0180697 0.0183583 0.0186313 0.0188877 0.0191264 0.0193465 0.0195472 0.0197276 0.0198871 0.0200249 0.0201407 0.0202338 0.020304 0.0203509 0.0203744 0.0203744 0.0203509 0.020304 0.0202338 0.0201407 0.0200249 0.0198871 0.0197276 0.0195472 0.0193465 0.0191264 0.0188877 0.0186313 0.0183583 0.0180697 0.0177667 0.0174505 0.0171223 0.0167835 0.0164353 0.0160791 0.0157163 0.0153484 0.0149769 0.0146031 0.0142286 0.0138548 0.0134833 0.0131154 0.0127526 0.0123965 0.0120482 0.0117094 0.0113812 0.011065 0.010762 0.0104734 0.0102004 0.00994404 0.00970532 0.00948518 0.00928451 0.00910409 0.00894463 0.00880676 0.00869103 0.00859789 0.00852771 0.00848078 0.00845726 
0.00872329 0.00874575 0.00879059 0.00885764 0.00894662 0.00905718 0.00918889 0.00934123 0.0095136 0.00970532 0.00991562 0.0101437 0.0103886 0.0106494 0.0109251 0.0112146 0.0115167 0.0118302 0.0121539 0.0124866 0.0128269 0.0131734 0.0135249 0.0138799 0.014237 0.0145948 0.0149518 0.0153068 0.0156583 0.0160048 0.0163451 0.0166778 0.0170015 0.017315 0.0176171 0.0179066 0.0181823 0.0184431 0.018688 0.0189161 0.0191264 0.0193181 0.0194905 0.0196428 0.0197745 0.0198851 0.0199741 0.0200411 0.020086 0.0201084 0.0201084 0.020086 0.0200411 0.0199741 0.0198851 0.0197745 0.0196428 0.0194905 0.0193181 0.0191264 0.0189161 0.018688 0.0184431 0.0181823 0.0179066 0.0176171 0.017315 0.0170015 0.0166778 0.0163451 0.0160048 0.0156583 0.0153068 0.0149518 0.0145948 0.014237 0.0138799 0.0135249 0.0131734 0.0128269 0.0124866 0.0121539 0.0118302 0.0115167 0.0112146 0.0109251 0.0106494 0.0103886 0.0101437 0.00991562 0.00970532 0.0095136 0.00934123 0.00918889 0.00905718 0.00894662 0.00885764 0.00879059 0.00874575 0.00872329 
0.00901178 0.0090331 0.00907567 0.00913932 0.00922379 0.00932875 0.00945379 0.00959841 0.00976204 0.00994404 0.0101437 0.0103602 0.0105927 0.0108403 0.011102 0.0113768 0.0116636 0.0119612 0.0122686 0.0125844 0.0129074 0.0132364 0.0135701 0.013907 0.014246 0.0145857 0.0149247 0.0152617 0.0155953 0.0159243 0.0162473 0.0165631 0.0168705 0.0171681 0.0174549 0.0177297 0.0179914 0.018239 0.0184715 0.018688 0.0188877 0.0190697 0.0192333 0.0193779 0.019503 0.0196079 0.0196924 0.019756 0.0197986 0.0198199 0.0198199 0.0197986 0.019756 0.0196924 0.0196079 0.019503 0.0193779 0.0192333 0.0190697 0.0188877 0.018688 0.0184715 0.018239 0.0179914 0.0177297 0.0174549 0.0171681 0.0168705 0.0165631 0.0162473 0.0159243 0.0155953 0.0152617 0.0149247 0.0145857 0.014246 0.013907 0.0135701 0.0132364 0.0129074 0.0125844 0.0122686 0.0119612 0.0116636 0.0113768 0.011102 0.0108403 0.0105927 0.0103602 0.0101437 0.00994404 0.00976204 0.00959841 0.00945379 0.00932875 0.00922379 0.00913932 0.00907567 0.0090331 0.00901178 
0.0093216 0.0093417 0.00938183 0.00944183 0.00952145 0.0096204 0.00973827 0.0098746 0.0100288 0.0102004 0.0103886 0.0105927 0.0108119 0.0110453 0.011292 0.011551 0.0118214 0.012102 0.0123917 0.0126894 0.0129939 0.013304 0.0136185 0.0139362 0.0142558 0.0145759 0.0148955 0.0152132 0.0155277 0.0158378 0.0161423 0.01644 0.0167297 0.0170103 0.0172807 0.0175397 0.0177864 0.0180198 0.018239 0.0184431 0.0186313 0.0188029 0.0189571 0.0190934 0.0192113 0.0193103 0.0193899 0.0194499 0.01949 0.0195101 0.0195101 0.01949 0.0194499 0.0193899 0.0193103 0.0192113 0.0190934 0.0189571 0.0188029 0.0186313 0.0184431 0.018239 0.0180198 0.0177864 0.0175397 0.0172807 0.0170103 0.0167297 0.01644 0.0161423 0.0158378 0.0155277 0.0152132 0.0148955 0.0145759 0.0142558 0.0139362 0.0136185 0.013304 0.0129939 0.0126894 0.0123917 0.012102 0.0118214 0.011551 0.011292 0.0110453 0.0108119 0.0105927 0.0103886 0.0102004 0.0100288 0.0098746 0.00973827 0.0096204 0.00952145 0.00944183 0.00938183 0.0093417 0.0093216 
0.00965152 0.00967032 0.00970785 0.00976396 0.00983843 0.00993097 0.0100412 0.0101687 0.010313 0.0104734 0.0106494 0.0108403 0.0110453 0.0112636 0.0114943 0.0117366 0.0119894 0.0122518 0.0125228 0.0128012 0.013086 0.013376 0.0136702 0.0139673 0.0142661 0.0145656 0.0148644 0.0151615 0.0154557 0.0157457 0.0160305 0.0163089 0.0165799 0.0168423 0.0170951 0.0173374 0.0175681 0.0177864 0.0179914 0.0181823 0.0183583 0.0185187 0.018663 0.0187905 0.0189007 0.0189933 0.0190677 0.0191239 0.0191614 0.0191802 0.0191802 0.0191614 0.0191239 0.0190677 0.0189933 0.0189007 0.0187905 0.018663 0.0185187 0.0183583 0.0181823 0.0179914 0.0177864 0.0175681 0.0173374 0.0170951 0.0168423 0.0165799 0.0163089 0.0160305 0.0157457 0.0154557 0.0151615 0.0148644 0.0145656 0.0142661 0.0139673 0.0136702 0.013376 0.013086 0.0128012 0.0125228 0.0122518 0.0119894 0.0117366 0.0114943 0.0112636 0.0110453 0.0108403 0.0106494 0.0104734 0.010313 0.0101687 0.0100412 0.00993097 0.00983843 0.00976396 0.00970785 0.00967032 0.00965152 
0.0100002 0.0100177 0.0100525 0.0101045 0.0101735 0.0102592 0.0103614 0.0104796 0.0106133 0.010762 0.0109251 0.011102 0.011292 0.0114943 0.0117082 0.0119327 0.012167 0.0124102 0.0126613 0.0129194 0.0131833 0.0134521 0.0137248 0.0140001 0.0142771 0.0145546 0.0148316 0.0151069 0.0153796 0.0156484 0.0159123 0.0161704 0.0164215 0.0166647 0.016899 0.0171235 0.0173374 0.0175397 0.0177297 0.0179066 0.0180697 0.0182184 0.0183521 0.0184703 0.0185725 0.0186582 0.0187272 0.0187793 0.018814 0.0188315 0.0188315 0.018814 0.0187793 0.0187272 0.0186582 0.0185725 0.0184703 0.0183521 0.0182184 0.0180697 0.0179066 0.0177297 0.0175397 0.0173374 0.0171235 0.016899 0.0166647 0.0164215 0.0161704 0.0159123 0.0156484 0.0153796 0.0151069 0.0148316 0.0145546 0.0142771 0.0140001 0.0137248 0.0134521 0.0131833 0.0129194 0.0126613 0.0124102 0.012167 0.0119327 0.0117082 0.0114943 0.011292 0.011102 0.0109251 0.010762 0.0106133 0.0104796 0.0103614 0.0102592 0.0101735 0.0101045 0.0100525 0.0100177 0.0100002 
0.0103664 0.0103824 0.0104143 0.010462 0.0105253 0.0106039 0.0106976 0.010806 0.0109286 0.011065 0.0112146 0.0113768 0.011551 0.0117366 0.0119327 0.0121386 0.0123535 0.0125765 0.0128068 0.0130435 0.0132855 0.0135321 0.0137821 0.0140346 0.0142886 0.0145431 0.0147971 0.0150496 0.0152997 0.0155462 0.0157882 0.0160249 0.0162552 0.0164782 0.0166931 0.016899 0.0170951 0.0172807 0.0174549 0.0176171 0.0177667 0.0179031 0.0180257 0.0181341 0.0182278 0.0183064 0.0183697 0.0184174 0.0184493 0.0184653 0.0184653 0.0184493 0.0184174 0.0183697 0.0183064 0.0182278 0.0181341 0.0180257 0.0179031 0.0177667 0.0176171 0.0174549 0.0172807 0.0170951 0.016899 0.0166931 0.0164782 0.0162552 0.0160249 0.0157882 0.0155462 0.0152997 0.0150496 0.0147971 0.0145431 0.0142886 0.0140346 0.0137821 0.0135321 0.0132855 0.0130435 0.0128068 0.0125765 0.0123535 0.0121386 0.0119327 0.0117366 0.011551 0.0113768 0.0112146 0.011065 0.0109286 0.010806 0.0106976 0.0106039 0.0105253 0.010462 0.0104143 0.0103824 0.0103664 
0.0107485 0.010763 0.0107919 0.0108351 0.0108924 0.0109636 0.0110485 0.0111466 0.0112577 0.0113812 0.0115167 0.0116636 0.0118214 0.0119894 0.012167 0.0123535 0.0125481 0.0127501 0.0129587 0.013173 0.0133922 0.0136155 0.0138419 0.0140706 0.0143006 0.0145311 0.0147612 0.0149898 0.0152163 0.0154395 0.0156587 0.015873 0.0160816 0.0162836 0.0164782 0.0166647 0.0168423 0.0170103 0.0171681 0.017315 0.0174505 0.017574 0.0176851 0.0177832 0.0178681 0.0179393 0.0179966 0.0180398 0.0180687 0.0180832 0.0180832 0.0180687 0.0180398 0.0179966 0.0179393 0.0178681 0.0177832 0.0176851 0.017574 0.0174505 0.017315 0.0171681 0.0170103 0.0168423 0.0166647 0.0164782 0.0162836 0.0160816 0.015873 0.0156587 0.0154395 0.0152163 0.0149898 0.0147612 0.0145311 0.0143006 0.0140706 0.0138419 0.0136155 0.0133922 0.013173 0.0129587 0.0127501 0.0125481 0.0123535 0.012167 0.0119894 0.0118214 0.0116636 0.0115167 0.0113812 0.0112577 0.0111466 0.0110485 0.0109636 0.0108924 0.0108351 0.0107919 0.010763 0.0107485 
0.0111451 0.011158 0.0111838 0.0112223 0.0112735 0.011337 0.0114127 0.0115002 0.0115992 0.0117094 0.0118302 0.0119612 0.012102 0.0122518 0.0124102 0.0125765 0.0127501 0.0129302 0.0131163 0.0133074 0.0135029 0.013702 0.0139039 0.0141079 0.0143131 0.0145186 0.0147238 0.0149278 0.0151297 0.0153288 0.0155243 0.0157155 0.0159015 0.0160816 0.0162552 0.0164215 0.0165799 0.0167297 0.0168705 0.0170015 0.0171223 0.0172325 0.0173315 0.0174191 0.0174947 0.0175583 0.0176094 0.0176479 0.0176737 0.0176866 0.0176866 0.0176737 0.0176479 0.0176094 0.0175583 0.0174947 0.0174191 0.0173315 0.0172325 0.0171223 0.0170015 0.0168705 0.0167297 0.0165799 0.0164215 0.0162552 0.0160816 0.0159015 0.0157155 0.0155243 0.0153288 0.0151297 0.0149278 0.0147238 0.0145186 0.0143131 0.0141079 0.0139039 0.013702 0.0135029 0.0133074 0.0131163 0.0129302 0.0127501 0.0125765 0.0124102 0.0122518 0.012102 0.0119612 0.0118302 0.0117094 0.0115992 0.0115002 0.0114127 0.011337 0.0112735 0.0112223 0.0111838 0.011158 0.0111451 
0.0115547 0.0115659 0.0115885 0.0116222 0.0116669 0.0117225 0.0117887 0.0118652 0.0119519 0.0120482 0.0121539 0.0122686 0.0123917 0.0125228 0.0126613 0.0128068 0.0129587 0.0131163 0.013279 0.0134462 0.0136172 0.0137914 0.013968 0.0141465 0.0143259 0.0145058 0.0146853 0.0148637 0.0150403 0.0152145 0.0153855 0.0155527 0.0157155 0.015873 0.0160249 0.0161704 0.0163089 0.01644 0.0165631 0.0166778 0.0167835 0.0168798 0.0169665 0.017043 0.0171092 0.0171648 0.0172095 0.0172432 0.0172658 0.0172771 0.0172771 0.0172658 0.0172432 0.0172095 0.0171648 0.0171092 0.017043 0.0169665 0.0168798 0.0167835 0.0166778 0.0165631 0.01644 0.0163089 0.0161704 0.0160249 0.015873 0.0157155 0.0155527 0.0153855 0.0152145 0.0150403 0.0148637 0.0146853 0.0145058 0.0143259 0.0141465 0.013968 0.0137914 0.0136172 0.0134462 0.013279 0.0131163 0.0129587 0.0128068 0.0126613 0.0125228 0.0123917 0.0122686 0.0121539 0.0120482 0.0119519 0.0118652 0.0117887 0.0117225 0.0116669 0.0116222 0.0115885 0.0115659 0.0115547 
0.0119755 0.0119851 0.0120043 0.0120331 0.0120712 0.0121186 0.0121751 0.0122404 0.0123143 0.0123965 0.0124866 0.0125844 0.0126894 0.0128012 0.0129194 0.0130435 0.013173 0.0133074 0.0134462 0.0135888 0.0137347 0.0138832 0.0140339 0.0141861 0.0143392 0.0144925 0.0146456 0.0147978 0.0149485 0.015097 0.0152429 0.0153855 0.0155243 0.0156587 0.0157882 0.0159123 0.0160305 0.0161423 0.0162473 0.0163451 0.0164353 0.0165174 0.0165913 0.0166566 0.0167131 0.0167605 0.0167987 0.0168274 0.0168466 0.0168562 0.0168562 0.0168466 0.0168274 0.0167987 0.0167605 0.0167131 0.0166566 0.0165913 0.0165174 0.0164353 0.0163451 0.0162473 0.0161423 0.0160305 0.0159123 0.0157882 0.0156587 0.0155243 0.0153855 0.0152429 0.015097 0.0149485 0.0147978 0.0146456 0.0144925 0.0143392 0.0141861 0.0140339 0.0138832 0.0137347 0.0135888 0.0134462 0.0133074 0.013173 0.0130435 0.0129194 0.0128012 0.0126894 0.0125844 0.0124866 0.0123965 0.0123143 0.0122404 0.0121751 0.0121186 0.0120712 0.0120331 0.0120043 0.0119851 0.0119755 
0.0124059 0.0124138 0.0124297 0.0124533 0.0124848 0.0125238 0.0125703 0.0126241 0.0126849 0.0127526 0.0128269 0.0129074 0.0129939 0.013086 0.0131833 0.0132855 0.0133922 0.0135029 0.0136172 0.0137347 0.0138548 0.0139772 0.0141013 0.0142266 0.0143527 0.014479 0.0146051 0.0147304 0.0148545 0.0149769 0.015097 0.0152145 0.0153288 0.0154395 0.0155462 0.0156484 0.0157457 0.0158378 0.0159243 0.0160048 0.0160791 0.0161468 0.0162076 0.0162614 0.0163079 0.016347 0.0163784 0.016402 0.0164179 0.0164258 0.0164258 0.0164179 0.016402 0.0163784 0.016347 0.0163079 0.0162614 0.0162076 0.0161468 0.0160791 0.0160048 0.0159243 0.0158378 0.0157457 0.0156484 0.0155462 0.0154395 0.0153288 0.0152145 0.015097 0.0149769 0.0148545 0.0147304 0.0146051 0.014479 0.0143527 0.0142266 0.0141013 0.0139772 0.0138548 0.0137347 0.0136172 0.0135029 0.0133922 0.0132855 0.0131833 0.013086 0.0129939 0.0129074 0.0128269 0.0127526 0.0126849 0.0126241 0.0125703 0.0125238 0.0124848 0.0124533 0.0124297 0.0124138 0.0124059 
0.0128443 0.0128505 0.0128629 0.0128814 0.0129059 0.0129365 0.0129728 0.0130149 0.0130625 0.0131154 0.0131734 0.0132364 0.013304 0.013376 0.0134521 0.0135321 0.0136155 0.013702 0.0137914 0.0138832 0.0139772 0.0140729 0.0141699 0.0142679 0.0143665 0.0144652 0.0145638 0.0146618 0.0147589 0.0148545 0.0149485 0.0150403 0.0151297 0.0152163 0.0152997 0.0153796 0.0154557 0.0155277 0.0155953 0.0156583 0.0157163 0.0157693 0.0158168 0.0158589 0.0158953 0.0159258 0.0159503 0.0159689 0.0159812 0.0159874 0.0159874 0.0159812 0.0159689 0.0159503 0.0159258 0.0158953 0.0158589 0.0158168 0.0157693 0.0157163 0.0156583 0.0155953 0.0155277 0.0154557 0.0153796 0.0152997 0.0152163 0.0151297 0.0150403 0.0149485 0.0148545 0.0147589 0.0146618 0.0145638 0.0144652 0.0143665 0.0142679 0.0141699 0.0140729 0.0139772 0.0138832 0.0137914 0.013702 0.0136155 0.0135321 0.0134521 0.013376 0.013304 0.0132364 0.0131734 0.0131154 0.0130625 0.0130149 0.0129728 0.0129365 0.0129059 0.0128814 0.0128629 0.0128505 0.0128443 
0.0132888 0.0132933 0.0133022 0.0133154 0.0133331 0.0133549 0.013381 0.0134112 0.0134453 0.0134833 0.0135249 0.0135701 0.0136185 0.0136702 0.0137248 0.0137821 0.0138419 0.0139039 0.013968 0.0140339 0.0141013 0.0141699 0.0142395 0.0143097 0.0143804 0.0144513 0.014522 0.0145922 0.0146618 0.0147304 0.0147978 0.0148637 0.0149278 0.0149898 0.0150496 0.0151069 0.0151615 0.0152132 0.0152617 0.0153068 0.0153484 0.0153864 0.0154205 0.0154507 0.0154768 0.0154987 0.0155163 0.0155295 0.0155384 0.0155429 0.0155429 0.0155384 0.0155295 0.0155163 0.0154987 0.0154768 0.0154507 0.0154205 0.0153864 0.0153484 0.0153068 0.0152617 0.0152132 0.0151615 0.0151069 0.0150496 0.0149898 0.0149278 0.0148637 0.0147978 0.0147304 0.0146618 0.0145922 0.014522 0.0144513 0.0143804 0.0143097 0.0142395 0.0141699 0.0141013 0.0140339 0.013968 0.0139039 0.0138419 0.0137821 0.0137248 0.0136702 0.0136185 0.0135701 0.0135249 0.0134833 0.0134453 0.0134112 0.013381 0.0133549 0.0133331 0.0133154 0.0133022 0.0132933 0.0132888 
0.0137379 0.0137405 0.0137459 0.0137539 0.0137645 0.0137776 0.0137933 0.0138115 0.013832 0.0138548 0.0138799 0.013907 0.0139362 0.0139673 0.0140001 0.0140346 0.0140706 0.0141079 0.0141465 0.0141861 0.0142266 0.0142679 0.0143097 0.014352 0.0143945 0.0144372 0.0144797 0.014522 0.0145638 0.0146051 0.0146456 0.0146853 0.0147238 0.0147612 0.0147971 0.0148316 0.0148644 0.0148955 0.0149247 0.0149518 0.0149769 0.0149997 0.0150202 0.0150384 0.0150541 0.0150672 0.0150778 0.0150858 0.0150912 0.0150938 0.0150938 0.0150912 0.0150858 0.0150778 0.0150672 0.0150541 0.0150384 0.0150202 0.0149997 0.0149769 0.0149518 0.0149247 0.0148955 0.0148644 0.0148316 0.0147971 0.0147612 0.0147238 0.0146853 0.0146456 0.0146051 0.0145638 0.014522 0.0144797 0.0144372 0.0143945 0.014352 0.0143097 0.0142679 0.0142266 0.0141861 0.0141465 0.0141079 0.0140706 0.0140346 0.0140001 0.0139673 0.0139362 0.013907 0.0138799 0.0138548 0.013832 0.0138115 0.0137933 0.0137776 0.0137645 0.0137539 0.0137459 0.0137405 0.0137379 
0.0141896 0.0141905 0.0141922 0.0141949 0.0141984 0.0142028 0.0142081 0.0142141 0.014221 0.0142286 0.014237 0.014246 0.0142558 0.0142661 0.0142771 0.0142886 0.0143006 0.0143131 0.0143259 0.0143392 0.0143527 0.0143665 0.0143804 0.0143945 0.0144087 0.014423 0.0144372 0.0144513 0.0144652 0.014479 0.0144925 0.0145058 0.0145186 0.0145311 0.0145431 0.0145546 0.0145656 0.0145759 0.0145857 0.0145948 0.0146031 0.0146107 0.0146176 0.0146236 0.0146289 0.0146333 0.0146368 0.0146395 0.0146413 0.0146421 0.0146421 0.0146413 0.0146395 0.0146368 0.0146333 0.0146289 0.0146236 0.0146176 0.0146107 0.0146031 0.0145948 0.0145857 0.0145759 0.0145656 0.0145546 0.0145431 0.0145311 0.0145186 0.0145058 0.0144925 0.014479 0.0144652 0.0144513 0.0144372 0.014423 0.0144087 0.0143945 0.0143804 0.0143665 0.0143527 0.0143392 0.0143259 0.0143131 0.0143006 0.0142886 0.0142771 0.0142661 0.0142558 0.014246 0.014237 0.0142286 0.014221 0.0142141 0.0142081 0.0142028 0.0141984 0.0141949 0.0141922 0.0141905 0.0141896 
0.0146421 0.0146413 0.0146395 0.0146368 0.0146333 0.0146289 0.0146236 0.0146176 0.0146107 0.0146031 0.0145948 0.0145857 0.0145759 0.0145656 0.0145546 0.0145431 0.0145311 0.0145186 0.0145058 0.0144925 0.014479 0.0144652 0.0144513 0.0144372 0.014423 0.0144087 0.0143945 0.0143804 0.0143665 0.0143527 0.0143392 0.0143259 0.0143131 0.0143006 0.0142886 0.0142771 0.0142661 0.0142558 0.014246 0.014237 0.0142286 0.014221 0.0142141 0.0142081 0.0142028 0.0141984 0.0141949 0.0141922 0.0141905 0.0141896 0.0141896 0.0141905 0.0141922 0.0141949 0.0141984 0.0142028 0.0142081 0.0142141 0.014221 0.0142286 0.014237 0.014246 0.0142558 0.0142661 0.0142771 0.0142886 0.0143006 0.0143131 0.0143259 0.0143392 0.0143527 0.0143665 0.0143804 0.0143945 0.0144087 0.014423 0.0144372 0.0144513 0.0144652 0.014479 0.0144925 0.0145058 0.0145186 0.0145311 0.0145431 0.0145546 0.0145656 0.0145759 0.0145857 0.0145948 0.0146031 0.0146107 0.0146176 0.0146236 0.0146289 0.0146333 0.0146368 0.0146395 0.0146413 0.0146421 
0.0150938 0.0150912 0.0150858 0.0150778 0.0150672 0.0150541 0.0150384 0.0150202 0.0149997 0.0149769 0.0149518 0.0149247 0.0148955 0.0148644 0.0148316 0.0147971 0.0147612 0.0147238 0.0146853 0.0146456 0.0146051 0.0145638 0.014522 0.0144797 0.0144372 0.0143945 0.014352 0.0143097 0.0142679 0.0142266 0.0141861 0.0141465 0.0141079 0.0140706 0.0140346 0.0140001 0.0139673 0.0139362 0.013907 0.0138799 0.0138548 0.013832 0.0138115 0.0137933 0.0137776 0.0137645 0.0137539 0.0137459 0.0137405 0.0137379 0.0137379 0.0137405 0.0137459 0.0137539 0.0137645 0.0137776 0.0137933 0.0138115 0.013832 0.0138548 0.0138799 0.013907 0.0139362 0.0139673 0.0140001 0.0140346 0.0140706 0.0141079 0.0141465 0.0141861 0.0142266 0.0142679 0.0143097 0.014352 0.0143945 0.0144372 0.0144797 0.014522 0.0145638 0.0146051 0.0146456 0.0146853 0.0147238 0.0147612 0.0147971 0.0148316 0.0148644 0.0148955 0.0149247 0.0149518 0.0149769 0.0149997 0.0150202 0.0150384 0.0150541 0.0150672 0.0150778 0.0150858 0.0150912 0.0150938 
0.0155429 0.0155384 0.0155295 0.0155163 0.0154987 0.0154768 0.0154507 0.0154205 0.0153864 0.0153484 0.0153068 0.0152617 0.0152132 0.0151615 0.0151069 0.0150496 0.0149898 0.0149278 0.0148637 0.0147978 0.0147304 0.0146618 0.0145922 0.014522 0.0144513 0.0143804 0.0143097 0.0142395 0.0141699 0.0141013 0.0140339 0.013968 0.0139039 0.0138419 0.0137821 0.0137248 0.0136702 0.0136185 0.0135701 0.0135249 0.0134833 0.0134453 0.0134112 0.013381 0.0133549 0.0133331 0.0133154 0.0133022 0.0132933 0.0132888 0.0132888 0.0132933 0.0133022 0.0133154 0.0133331 0.0133549 0.013381 0.0134112 0.0134453 0.0134833 0.0135249 0.0135701 0.0136185 0.0136702 0.0137248 0.0137821 0.0138419 0.0139039 0.013968 0.0140339 0.0141013 0.0141699 0.0142395 0.0143097 0.0143804 0.0144513 0.014522 0.0145922 0.0146618 0.0147304 0.0147978 0.0148637 0.0149278 0.0149898 0.0150496 0.0151069 0.0151615 0.0152132 0.0152617 0.0153068 0.0153484 0.0153864 0.0154205 0.0154507 0.0154768 0.0154987 0.0155163 0.0155295 0.0155384 0.0155429 
0.0159874 0.0159812 0.0159689 0.0159503 0.0159258 0.0158953 0.0158589 0.0158168 0.0157693 0.0157163 0.0156583 0.0155953 0.0155277 0.0154557 0.0153796 0.0152997 0.0152163 0.0151297 0.0150403 0.0149485 0.0148545 0.0147589 0.0146618 0.0145638 0.0144652 0.0143665 0.0142679 0.0141699 0.0140729 0.0139772 0.0138832 0.0137914 0.013702 0.0136155 0.0135321 0.0134521 0.013376 0.013304 0.0132364 0.0131734 0.0131154 0.0130625 0.0130149 0.0129728 0.0129365 0.0129059 0.0128814 0.0128629 0.0128505 0.0128443 0.0128443 0.0128505 0.0128629 0.0128814 0.0129059 0.0129365 0.0129728 0.0130149 0.0130625 0.0131154 0.0131734 0.0132364 0.013304 0.013376 0.0134521 0.0135321 0.0136155 0.013702 0.0137914 0.0138832 0.0139772 0.0140729 0.0141699 0.0142679 0.0143665 0.0144652 0.0145638 0.0146618 0.0147589 0.0148545 0.0149485 0.0150403 0.0151297 0.0152163 0.0152997 0.0153796 0.0154557 0.0155277 0.0155953 0.0156583 0.0157163 0.0157693 0.0158168 0.0158589 0.0158953 0.0159258 0.0159503 0.0159689 0.0159812 0.0159874 
0.0164258 0.0164179 0.016402 0.0163784 0.016347 0.0163079 0.0162614 0.0162076 0.0161468 0.0160791 0.0160048 0.0159243 0.0158378 0.0157457 0.0156484 0.0155462 0.0154395 0.0153288 0.0152145 0.015097 0.0149769 0.0148545 0.0147304 0.0146051 0.014479 0.0143527 0.0142266 0.0141013 0.0139772 0.0138548 0.0137347 0.0136172 0.0135029 0.0133922 0.0132855 0.0131833 0.013086 0.0129939 0.0129074 0.0128269 0.0127526 0.0126849 0.0126241 0.0125703 0.0125238 0.0124848 0.0124533 0.0124297 0.0124138 0.0124059 0.0124059 0.0124138 0.0124297 0.0124533 0.0124848 0.0125238 0.0125703 0.0126241 0.0126849 0.0127526 0.0128269 0.0129074 0.0129939 0.013086 0.0131833 0.0132855 0.0133922 0.0135029 0.0136172 0.0137347 0.0138548 0.0139772 0.0141013 0.0142266 0.0143527 0.014479 0.0146051 0.0147304 0.0148545 0.0149769 0.015097 0.0152145 0.0153288 0.0154395 0.0155462 0.0156484 0.0157457 0.0158378 0.0159243 0.0160048 0.0160791 0.0161468 0.0162076 0.0162614 0.0163079 0.016347 0.0163784 0.016402 0.0164179 0.0164258 
0.0168562 0.0168466 0.0168274 0.0167987 0.0167605 0.0167131 0.0166566 0.0165913 0.0165174 0.0164353 0.0163451 0.0162473 0.0161423 0.0160305 0.0159123 0.0157882 0.0156587 0.0155243 0.0153855 0.0152429 0.015097 0.0149485 0.0147978 0.0146456 0.0144925 0.0143392 0.0141861 0.0140339 0.0138832 0.0137347 0.0135888 0.0134462 0.0133074 0.013173 0.0130435 0.0129194 0.0128012 0.0126894 0.0125844 0.0124866 0.0123965 0.0123143 0.0122404 0.0121751 0.0121186 0.0120712 0.0120331 0.0120043 0.0119851 0.0119755 0.0119755 0.0119851 0.0120043 0.0120331 0.0120712 0.0121186 0.0121751 0.0122404 0.0123143 0.0123965 0.0124866 0.0125844 0.0126894 0.0128012 0.0129194 0.0130435 0.013173 0.0133074 0.0134462 0.0135888 0.0137347 0.0138832 0.0140339 0.0141861 0.0143392 0.0144925 0.0146456 0.0147978 0.0149485 0.015097 0.0152429 0.0153855 0.0155243 0.0156587 0.0157882 0.0159123 0.0160305 0.0161423 0.0162473 0.0163451 0.0164353 0.0165174 0.0165913 0.0166566 0.0167131 0.0167605 0.0167987 0.0168274 0.0168466 0.0168562 
0.0172771 0.0172658 0.0172432 0.0172095 0.0171648 0.0171092 0.017043 0.0169665 0.0168798 0.0167835 0.0166778 0.0165631 0.01644 0.0163089 0.0161704 0.0160249 0.015873 0.0157155 0.0155527 0.0153855 0.0152145 0.0150403 0.0148637 0.0146853 0.0145058 0.0143259 0.0141465 0.013968 0.0137914 0.0136172 0.0134462 0.013279 0.0131163 0.0129587 0.0128068 0.0126613 0.0125228 0.0123917 0.0122686 0.0121539 0.0120482 0.0119519 0.0118652 0.0117887 0.0117225 0.0116669 0.0116222 0.0115885 0.0115659 0.0115547 0.0115547 0.0115659 0.0115885 0.0116222 0.0116669 0.0117225 0.0117887 0.0118652 0.0119519 0.0120482 0.0121539 0.0122686 0.0123917 0.0125228 0.0126613 0.0128068 0.0129587 0.0131163 0.013279 0.0134462 0.0136172 0.0137914 0.013968 0.0141465 0.0143259 0.0145058 0.0146853 0.0148637 0.0150403 0.0152145 0.0153855 0.0155527 0.0157155 0.015873 0.0160249 0.0161704 0.0163089 0.01644 0.0165631 0.0166778 0.0167835 0.0168798 0.0169665 0.017043 0.0171092 0.0171648 0.0172095 0.0172432 0.0172658 0.0172771 
0.0176866 0.0176737 0.0176479 0.0176094 0.0175583 0.0174947 0.0174191 0.0173315 0.0172325 0.0171223 0.0170015 0.0168705 0.0167297 0.0165799 0.0164215 0.0162552 0.0160816 0.0159015 0.0157155 0.0155243 0.0153288 0.0151297 0.0149278 0.0147238 0.0145186 0.0143131 0.0141079 0.0139039 0.013702 0.0135029 0.0133074 0.0131163 0.0129302 0.0127501 0.0125765 0.0124102 0.0122518 0.012102 0.0119612 0.0118302 0.0117094 0.0115992 0.0115002 0.0114127 0.011337 0.0112735 0.0112223 0.0111838 0.011158 0.0111451 0.0111451 0.011158 0.0111838 0.0112223 0.0112735 0.011337 0.0114127 0.0115002 0.0115992 0.0117094 0.0118302 0.0119612 0.012102 0.0122518 0.0124102 0.0125765 0.0127501 0.0129302 0.0131163 0.0133074 0.0135029 0.013702 0.0139039 0.0141079 0.0143131 0.0145186 0.0147238 0.0149278 0.0151297 0.0153288 0.0155243 0.0157155 0.0159015 0.0160816 0.0162552 0.0164215 0.0165799 0.0167297 0.0168705 0.0170015 0.0171223 0.0172325 0.0173315 0.0174191 0.0174947 0.0175583 0.0176094 0.0176479 0.0176737 0.0176866 
0.0180832 0.0180687 0.0180398 0.0179966 0.0179393 0.0178681 0.0177832 0.0176851 0.017574 0.0174505 0.017315 0.0171681 0.0170103 0.0168423 0.0166647 0.0164782 0.0162836 0.0160816 0.015873 0.0156587 0.0154395 0.0152163 0.0149898 0.0147612 0.0145311 0.0143006 0.0140706 0.0138419 0.0136155 0.0133922 0.013173 0.0129587 0.0127501 0.0125481 0.0123535 0.012167 0.0119894 0.0118214 0.0116636 0.0115167 0.0113812 0.0112577 0.0111466 0.0110485 0.0109636 0.0108924 0.0108351 0.0107919 0.010763 0.0107485 0.0107485 0.010763 0.0107919 0.0108351 0.0108924 0.0109636 0.0110485 0.0111466 0.0112577 0.0113812 0.0115167 0.0116636 0.0118214 0.0119894 0.012167 0.0123535 0.0125481 0.0127501 0.0129587 0.013173 0.0133922 0.0136155 0.0138419 0.0140706 0.0143006 0.0145311 0.0147612 0.0149898 0.0152163 0.0154395 0.0156587 0.015873 0.0160816 0.0162836 0.0164782 0.0166647 0.0168423 0.0170103 0.0171681 0.017315 0.0174505 0.017574 0.0176851 0.0177832 0.0178681 0.0179393 0.0179966 0.0180398 0.0180687 0.0180832 
0.0184653 0.0184493 0.0184174 0.0183697 0.0183064 0.0182278 0.0181341 0.0180257 0.0179031 0.0177667 0.0176171 0.0174549 0.0172807 0.0170951 0.016899 0.0166931 0.0164782 0.0162552 0.0160249 0.0157882 0.0155462 0.0152997 0.0150496 0.0147971 0.0145431 0.0142886 0.0140346 0.0137821 0.0135321 0.0132855 0.0130435 0.0128068 0.0125765 0.0123535 0.0121386 0.0119327 0.0117366 0.011551 0.0113768 0.0112146 0.011065 0.0109286 0.010806 0.0106976 0.0106039 0.0105253 0.010462 0.0104143 0.0103824 0.0103664 0.0103664 0.0103824 0.0104143 0.010462 0.0105253 0.0106039 0.0106976 0.010806 0.0109286 0.011065 0.0112146 0.0113768 0.011551 0.0117366 0.0119327 0.0121386 0.0123535 0.0125765 0.0128068 0.0130435 0.0132855 0.0135321 0.0137821 0.0140346 0.0142886 0.0145431 0.0147971 0.0150496 0.0152997 0.0155462 0.0157882 0.0160249 0.0162552 0.0164782 0.0166931 0.016899 0.0170951 0.0172807 0.0174549 0.0176171 0.0177667 0.0179031 0.0180257 0.0181341 0.0182278 0.0183064 0.0183697 0.0184174 0.0184493 0.0184653 
0.0188315 0.018814 0.0187793 0.0187272 0.0186582 0.0185725 0.0184703 0.0183521 0.0182184 0.0180697 0.0179066 0.0177297 0.0175397 0.0173374 0.0171235 0.016899 0.0166647 0.0164215 0.0161704 0.0159123 0.0156484 0.0153796 0.0151069 0.0148316 0.0145546 0.0142771 0.0140001 0.0137248 0.0134521 0.0131833 0.0129194 0.0126613 0.0124102 0.012167 0.0119327 0.0117082 0.0114943 0.011292 0.011102 0.0109251 0.010762 0.0106133 0.0104796 0.0103614 0.0102592 0.0101735 0.0101045 0.0100525 0.0100177 0.0100002 0.0100002 0.0100177 0.0100525 0.0101045 0.0101735 0.0102592 0.0103614 0.0104796 0.0106133 0.010762 0.0109251 0.011102 0.011292 0.0114943 0.0117082 0.0119327 0.012167 0.0124102 0.0126613 0.0129194 0.0131833 0.0134521 0.0137248 0.0140001 0.0142771 0.0145546 0.0148316 0.0151069 0.0153796 0.0156484 0.0159123 0.0161704 0.0164215 0.0166647 0.016899 0.0171235 0.0173374 0.0175397 0.0177297 0.0179066 0.0180697 0.0182184 0.0183521 0.0184703 0.0185725 0.0186582 0.0187272 0.0187793 0.018814 0.0188315 
0.0191802 0.0191614 0.0191239 0.0190677 0.0189933 0.0189007 0.0187905 0.018663 0.0185187 0.0183583 0.0181823 0.0179914 0.0177864 0.0175681 0.0173374 0.0170951 0.0168423 0.0165799 0.0163089 0.0160305 0.0157457 0.0154557 0.0151615 0.0148644 0.0145656 0.0142661 0.0139673 0.0136702 0.013376 0.013086 0.0128012 0.0125228 0.0122518 0.0119894 0.0117366 0.0114943 0.0112636 0.0110453 0.0108403 0.0106494 0.0104734 0.010313 0.0101687 0.0100412 0.00993097 0.00983843 0.00976396 0.00970785 0.00967032 0.00965152 0.00965152 0.00967032 0.00970785 0.00976396 0.00983843 0.00993097 0.0100412 0.0101687 0.010313 0.0104734 0.0106494 0.0108403 0.0110453 0.0112636 0.0114943 0.0117366 0.0119894 0.0122518 0.0125228 0.0128012 0.013086 0.013376 0.0136702 0.0139673 0.0142661 0.0145656 0.0148644 0.0151615 0.0154557 0.0157457 0.0160305 0.0163089 0.0165799 0.0168423 0.0170951 0.0173374 0.0175681 0.0177864 0.0179914 0.0181823 0.0183583 0.0185187 0.018663 0.0187905 0.0189007 0.0189933 0.0190677 0.0191239 0.0191614 0.0191802 
0.0195101 0.01949 0.0194499 0.0193899 0.0193103 0.0192113 0.0190934 0.0189571 0.0188029 0.0186313 0.0184431 0.018239 0.0180198 0.0177864 0.0175397 0.0172807 0.0170103 0.0167297 0.01644 0.0161423 0.0158378 0.0155277 0.0152132 0.0148955 0.0145759 0.0142558 0.0139362 0.0136185 0.013304 0.0129939 0.0126894 0.0123917 0.012102 0.0118214 0.011551 0.011292 0.0110453 0.0108119 0.0105927 0.0103886 0.0102004 0.0100288 0.0098746 0.00973827 0.0096204 0.00952145 0.00944183 0.00938183 0.0093417 0.0093216 0.0093216 0.0093417 0.00938183 0.00944183 0.00952145 0.0096204 0.00973827 0.0098746 0.0100288 0.0102004 0.0103886 0.0105927 0.0108119 0.0110453 0.011292 0.011551 0.0118214 0.012102 0.0123917 0.0126894 0.0129939 0.013304 0.0136185 0.0139362 0.0142558 0.0145759 0.0148955 0.0152132 0.0155277 0.0158378 0.0161423 0.01644 0.0167297 0.0170103 0.0172807 0.0175397 0.0177864 0.0180198 0.018239 0.0184431 0.0186313 0.0188029 0.0189571 0.0190934 0.0192113 0.0193103 0.0193899 0.0194499 0.01949 0.0195101 
0.0198199 0.0197986 0.019756 0.0196924 0.0196079 0.019503 0.0193779 0.0192333 0.0190697 0.0188877 0.018688 0.0184715 0.018239 0.0179914 0.0177297 0.0174549 0.0171681 0.0168705 0.0165631 0.0162473 0.0159243 0.0155953 0.0152617 0.0149247 0.0145857 0.014246 0.013907 0.0135701 0.0132364 0.0129074 0.0125844 0.0122686 0.0119612 0.0116636 0.0113768 0.011102 0.0108403 0.0105927 0.0103602 0.0101437 0.00994404 0.00976204 0.00959841 0.00945379 0.00932875 0.00922379 0.00913932 0.00907567 0.0090331 0.00901178 0.00901178 0.0090331 0.00907567 0.00913932 0.00922379 0.00932875 0.00945379 0.00959841 0.00976204 0.00994404 0.0101437 0.0103602 0.0105927 0.0108403 0.011102 0.0113768 0.0116636 0.0119612 0.0122686 0.0125844 0.0129074 0.0132364 0.0135701 0.013907 0.014246 0.0145857 0.0149247 0.0152617 0.0155953 0.0159243 0.0162473 0.0165631 0.0168705 0.0171681 0.0174549 0.0177297 0.0179914 0.018239 0.0184715 0.018688 0.0188877 0.0190697 0.0192333 0.0193779 0.019503 0.0196079 0.0196924 0.019756 0.0197986 0.0198199 
